1 : 14 15 92 65 35 89 79 32 38 46
2 : 26 43 38 32 79 50 28 84 19 71
3 : 69 39 93 75 10 58 20 97 49 44   
4 : 59 23 07 81 64 06 28 62 08 99
5 : 86 28 03 48 25 34 21 17 06 79
6 : 82 14 80 86 51 32 82 30 66 47
7 : 09 38 44 60 95 50 58 22 31 72
8 : 53 59 40 81 28 48 11 17 45 02
9 : 84 10 27 01 93 85 21 10 55 59
10 : 64 46 22 94 89 54 93 03 81 96
11 : 44 28 81 09 75 66 59 33 44 61
12 : 28 47 56 48 23 37 86 78 31 65
13 : 27 12 01 90 91 45 64 85 66 92
14 : 34 60 34 86 10 45 43 26 64 82
15 : 13 39 36 07 26 02 49 14 12 73
16 : 72 45 87 00 66 06 31 55 88 17
17 : 48 81 52 09 20 96 28 29 25 40
18 : 91 71 53 64 36 78 92 59 03 60
19 : 01 13 30 53 05 48 82 04 66 52
20 : 13 84 14 69 51 94 15 11 60 94
21 : 33 05 72 70 36 57 59 59 19 53
22 : 09 21 86 11 73 81 93 26 11 79
23 : 31 05 11 85 48 07 44 62 37 99
24 : 62 74 95 67 35 18 85 75 27 24
25 : 89 12 27 93 81 83 01 19 49 12
26 : 98 33 67 33 62 44 06 56 64 30
27 : 86 02 13 94 94 63 95 22 47 37
28 : 19 07 02 17 98 60 94 37 02 77
29 : 05 39 21 71 76 29 31 76 75 23
30 : 84 67 48 18 46 76 69 40 51 32
31 : 00 05 68 12 71 45 26 35 60 82
32 : 77 85 77 13 42 75 77 89 60 91
33 : 73 63 71 78 72 14 68 44 09 01
34 : 22 49 53 43 01 46 54 95 85 37
35 : 10 50 79 22 79 68 92 58 92 35
36 : 42 01 99 56 11 21 29 02 19 60
37 : 86 40 34 41 81 59 81 36 29 77
38 : 47 71 30 99 60 51 87 07 21 13
39 : 49 99 99 98 37 29 78 04 99 51
40 : 05 97 31 73 28 16 09 63 18 59
41 : 50 24 45 94 55 34 69 08 30 26
42 : 42 52 23 08 25 33 44 68 50 35
43 : 26 19 31 18 81 71 01 00 03 13
44 : 78 38 75 28 86 58 75 33 20 83
45 : 81 42 06 17 17 76 69 14 73 03
46 : 59 82 53 49 04 28 75 54 68 73
47 : 11 59 56 28 63 88 23 53 78 75
48 : 93 75 19 57 78 18 57 78 05 32
49 : 17 12 26 80 66 13 00 19 27 87
50 : 66 11 19 59 09 21 64 20 19 89
51 : 38 09 52 57 20 10 65 48 58 63
52 : 27 88 65 93 61 53 38 18 27 96
53 : 82 30 30 19 52 03 53 01 85 29
54 : 68 99 57 73 62 25 99 41 38 91
55 : 24 97 21 77 52 83 47 91 31 51
56 : 55 74 85 72 42 45 41 50 69 59
57 : 50 82 95 33 11 68 61 72 78 55
58 : 88 90 75 09 83 81 75 46 37 46
59 : 49 39 31 92 55 06 04 00 92 77
60 : 01 67 11 39 00 98 48 82 40 12
61 : 85 83 61 60 35 63 70 76 60 10
62 : 47 10 18 19 42 95 55 96 19 89
63 : 46 76 78 37 44 94 48 25 53 79
64 : 77 47 26 84 71 04 04 75 34 64
65 : 62 08 04 66 84 25 90 69 49 12
66 : 93 31 36 77 02 89 89 15 21 04
67 : 75 21 62 05 69 66 02 40 58 03
68 : 81 50 19 35 11 25 33 82 43 00
69 : 35 58 76 40 24 74 96 47 32 63
70 : 91 41 99 27 26 04 26 99 22 79
71 : 67 82 35 47 81 63 60 09 34 17
72 : 21 64 12 19 92 45 86 31 50 30
73 : 28 61 82 97 45 55 70 67 49 83
74 : 85 05 49 45 88 58 69 26 99 56
75 : 90 92 72 10 79 75 09 30 29 55
76 : 32 11 65 34 49 87 20 27 55 96
77 : 02 36 48 06 65 49 91 19 88 18
78 : 34 79 77 53 56 63 69 80 74 26
79 : 54 25 27 86 25 51 81 84 17 57
80 : 46 72 89 09 77 77 27 93 80 00
81 : 81 64 70 60 01 61 45 24 91 92
82 : 17 32 17 21 47 72 35 01 41 44
83 : 19 73 56 85 48 16 13 61 15 73
84 : 52 55 21 33 47 57 41 84 94 68
85 : 43 85 23 32 39 07 39 41 43 33
86 : 45 47 76 24 16 86 25 18 98 35
87 : 69 48 55 62 09 92 19 22 21 84
88 : 27 25 50 25 42 56 88 76 71 79
89 : 04 94 60 16 53 46 68 04 98 86
90 : 27 23 27 91 78 60 85 78 43 83
91 : 82 79 67 97 66 81 45 41 00 95
92 : 38 83 78 63 60 95 06 80 06 42
93 : 25 12 52 05 11 73 92 98 48 96
94 : 08 41 28 48 86 26 94 56 04 24
95 : 19 65 28 50 22 21 06 61 18 63
96 : 06 74 42 78 62 20 39 19 49 45
97 : 04 71 23 71 37 86 96 09 56 36
98 : 43 71 91 72 87 46 77 64 65 75
99 : 73 96 24 13 89 08 65 83 26 45
100 : 99 58 13 39 04 78 02 75 90 09
101 : 94 65 76 40 78 95 12 69 46 83
102 : 98 35 25 95 70 98 25 82 26 20
103 : 52 24 89 40 77 26 71 94 78 26
104 : 84 82 60 14 76 99 09 02 64 01
105 : 36 39 44 37 45 53 05 06 82 03
106 : 49 62 52 45 17 49 39 96 51 43
107 : 14 29 80 91 90 65 92 50 93 72
108 : 21 69 64 61 51 57 09 85 83 87
109 : 41 05 97 88 59 59 77 29 75 49
110 : 89 30 16 17 53 92 84 68 13 82
111 : 68 68 38 68 94 27 74 15 59 91
112 : 85 59 25 24 59 53 95 94 31 04
113 : 99 72 52 46 80 84 59 87 27 36
114 : 44 69 58 48 65 38 36 73 62 22
115 : 62 60 99 12 46 08 05 12 43 88
116 : 43 90 45 12 44 13 65 49 76 27
117 : 80 79 77 15 69 14 35 99 77 00
118 : 12 96 16 08 94 41 69 48 68 55
119 : 58 48 40 63 53 42 20 72 22 58
120 : 28 48 86 48 15 84 56 02 85 06
121 : 01 68 42 73 94 52 26 74 67 67
122 : 88 95 25 21 38 52 25 49 95 46
123 : 66 72 78 23 98 64 56 59 61 16
124 : 35 48 86 23 05 77 45 64 98 03
125 : 55 93 63 45 68 17 43 24 11 25
126 : 15 07 60 69 47 94 51 09 65 96
127 : 09 40 25 22 88 79 71 08 93 14
128 : 56 69 13 68 67 22 87 48 94 05
129 : 60 10 15 03 30 86 17 92 86 80
130 : 92 08 74 76 09 17 82 49 38 58
131 : 90 09 71 49 09 67 59 85 26 13
132 : 65 54 97 81 89 31 29 78 48 21
133 : 68 29 98 94 87 22 65 88 04 85
134 : 75 64 01 42 70 47 75 55 13 23
135 : 79 64 14 51 52 37 46 23 43 64
136 : 54 28 58 44 47 95 26 58 67 82
137 : 10 51 14 13 54 73 57 39 52 31
138 : 13 42 71 66 10 21 35 96 95 36
139 : 23 14 42 95 24 84 93 71 87 11
140 : 01 45 76 54 03 59 02 79 93 44
141 : 03 74 20 07 31 05 78 53 90 62
142 : 19 83 87 44 78 08 47 84 89 68
143 : 33 21 44 57 13 86 87 51 94 35
144 : 06 43 02 18 45 31 91 04 84 81
145 : 00 53 70 61 46 80 67 49 19 27
146 : 81 91 19 79 39 95 20 61 41 96
147 : 63 42 87 54 44 06 43 74 51 23
148 : 71 81 92 17 99 98 39 10 15 91
149 : 95 61 81 46 75 14 26 91 23 97
150 : 48 94 09 07 18 64 94 23 19 61
151 : 56 79 45 20 80 95 14 65 50 22
152 : 52 31 60 38 81 93 01 42 09 37
153 : 62 13 78 55 95 66 38 93 77 87
154 : 08 30 39 06 97 92 07 73 46 72
155 : 21 82 56 25 99 66 15 01 42 15
156 : 03 06 80 38 44 77 34 54 92 02
157 : 60 54 14 66 59 25 20 14 97 44
158 : 28 50 73 25 18 66 60 02 13 24
159 : 34 08 81 90 71 04 86 33 17 34
160 : 64 96 51 45 39 05 79 62 68 56
161 : 10 05 50 81 06 65 87 96 99 81
162 : 63 57 47 36 38 40 52 57 14 59
163 : 10 28 97 06 41 40 11 09 71 20
164 : 62 80 43 90 39 75 95 15 67 71
165 : 57 70 04 20 33 78 69 93 60 07
166 : 23 05 58 76 31 76 35 94 21 87
167 : 31 25 14 71 20 53 29 28 19 18
168 : 26 18 61 25 86 73 21 57 91 98
169 : 41 48 48 82 91 64 47 06 09 57
170 : 52 70 69 57 22 09 17 56 71 16
171 : 72 29 10 98 16 90 91 52 80 17
172 : 35 06 71 27 48 58 32 22 87 18
173 : 35 20 93 53 96 57 25 12 10 83
174 : 57 91 51 36 98 82 09 14 44 21
175 : 00 67 51 03 34 67 11 03 14 12
176 : 67 11 13 69 90 86 58 51 63 98
177 : 31 50 19 70 16 51 51 16 85 17
178 : 14 37 65 76 18 35 15 56 50 88
179 : 49 09 98 98 59 98 23 87 34 55
180 : 28 33 16 35 50 76 47 91 85 35
181 : 89 32 26 18 54 89 63 21 32 93
182 : 30 89 85 70 64 20 46 75 25 90
183 : 70 91 54 81 41 65 49 85 94 61
184 : 63 71 80 27 09 81 99 43 09 92
185 : 44 88 95 75 71 28 28 90 59 23
186 : 23 32 60 97 29 97 12 08 44 33
187 : 57 32 65 48 93 82 39 11 93 25
188 : 97 46 36 67 30 58 36 04 14 28
189 : 13 88 30 32 03 82 49 03 75 89
190 : 85 24 37 44 17 02 91 32 76 56
191 : 18 09 37 73 44 40 30 70 74 69
192 : 21 12 01 91 30 20 33 03 80 19
193 : 76 21 10 11 00 44 92 93 21 51
194 : 60 84 24 44 85 96 37 66 98 38
195 : 95 22 86 84 78 31 23 55 26 58
196 : 21 31 44 95 76 85 72 62 43 34
197 : 41 89 30 39 68 64 26 24 34 10
198 : 77 32 26 97 80 28 07 31 89 15
199 : 44 11 01 04 46 82 32 52 71 62
200 : 01 05 26 52 27 21 11 66 03 96
201 : 66 55 73 09 25 47 11 05 57 85
202 : 37 63 46 68 20 65 31 09 89 65
203 : 26 91 86 20 56 47 69 31 25 70
204 : 58 63 56 62 01 85 58 10 07 29
205 : 36 06 59 87 64 86 11 79 10 45
206 : 33 48 85 03 46 11 36 57 68 67
207 : 53 24 94 41 66 80 39 62 65 79
208 : 78 77 18 55 60 84 55 29 65 41
209 : 26 65 40 85 30 61 43 44 43 18
210 : 58 67 69 75 14 56 61 40 68 00
211 : 70 02 37 87 76 59 13 44 01 71
212 : 27 49 47 04 20 56 22 30 53 89
213 : 94 56 13 14 07 11 27 00 04 07
214 : 85 47 33 26 99 39 08 14 54 66
215 : 46 45 88 07 97 27 08 26 68 30
216 : 63 43 28 58 78 56 98 30 52 35
217 : 80 89 33 06 57 57 40 67 95 45
218 : 71 63 77 52 54 20 21 14 95 57
219 : 61 58 14 00 25 01 26 22 85 94
220 : 13 02 16 47 15 50 97 92 59 23
221 : 09 90 79 65 47 37 61 25 51 76
222 : 56 75 13 57 51 78 29 66 64 54
223 : 77 91 74 50 11 29 96 14 89 03
224 : 04 63 99 47 13 29 62 10 73 40
225 : 43 75 18 95 73 59 61 45 89 01
226 : 93 89 71 31 11 79 04 29 78 28
227 : 56 47 50 32 03 19 86 91 51 40
228 : 28 70 80 85 99 04 80 10 94 12
229 : 14 72 21 31 79 47 64 77 72 62
230 : 24 14 25 48 54 54 03 32 15 71
231 : 85 30 61 42 28 81 37 58 50 43
232 : 06 33 21 75 18 29 79 86 62 23
233 : 71 72 15 91 60 77 16 69 25 47
234 : 48 73 89 86 65 49 49 45 01 14
235 : 65 40 62 84 33 66 39 37 90 03
236 : 97 69 26 56 72 14 63 85 30 67
237 : 36 09 65 71 20 91 80 76 38 32
238 : 71 66 41 62 74 88 88 00 78 69
239 : 25 60 29 02 28 47 21 04 03 17
240 : 21 18 60 82 04 19 00 04 22 96
241 : 61 71 19 63 77 92 13 37 57 51
242 : 14 95 95 01 56 60 49 63 18 62
243 : 94 72 65 47 36 42 52 30 81 77
244 : 03 67 51 59 06 73 50 23 50 72
245 : 83 54 05 67 04 03 86 74 35 13
246 : 62 22 24 77 15 89 15 04 95 30
247 : 98 44 48 93 33 09 63 40 87 80
248 : 76 93 25 99 39 78 05 41 93 41
249 : 44 73 77 44 18 42 63 12 98 60
250 : 80 99 88 86 87 41 32 60 47 21
251 : 56 95 16 23 96 58 64 57 30 21
252 : 63 15 98 19 31 95 16 73 53 81
253 : 29 74 16 77 29 47 86 72 42 29
254 : 24 65 43 66 80 09 80 67 69 28
255 : 23 82 80 68 99 64 00 48 24 35
256 : 40 37 01 41 63 14 96 58 97 94
257 : 09 24 32 37 89 69 07 06 97 79
258 : 42 23 62 50 82 21 68 89 57 38
259 : 37 98 62 30 01 59 37 76 47 16
260 : 51 22 89 35 78 60 15 88 16 17
261 : 55 78 29 73 52 33 44 60 42 81
262 : 51 26 27 20 37 34 31 46 53 19
263 : 77 77 41 60 31 99 06 65 54 18
264 : 76 39 79 29 33 44 19 52 15 41
265 : 34 18 99 48 54 44 73 45 67 38
266 : 31 62 49 93 41 91 31 81 48 09
267 : 27 77 71 03 86 38 77 34 31 77
268 : 20 75 45 65 45 32 20 77 70 92
269 : 12 01 90 51 66 09 62 80 49 09
270 : 26 36 01 97 59 88 28 16 13 32
271 : 31 66 63 65 28 61 93 26 68 63
272 : 36 06 27 35 67 63 03 54 47 76
273 : 28 03 50 45 07 77 23 55 47 10
274 : 58 59 54 87 02 79 08 14 35 62
275 : 40 14 51 71 80 62 46 43 62 67
276 : 94 56 12 75 31 81 34 07 83 30
277 : 33 62 54 23 27 83 94 49 75 38
278 : 24 37 20 58 35 31 14 77 11 99
279 : 26 06 38 13 34 67 76 87 96 95
280 : 97 03 09 83 39 13 07 71 09 87
281 : 04 08 59 13 37 46 41 44 28 22
282 : 77 26 34 65 94 70 47 45 87 84
283 : 77 87 20 19 27 71 52 80 73 17
284 : 67 90 77 07 15 72 13 44 47 30
285 : 60 57 00 73 34 92 43 69 31 13
286 : 83 50 49 31 63 12 84 04 25 12
287 : 19 25 65 17 98 06 94 11 35 28
288 : 01 31 47 01 30 47 81 64 37 88
289 : 51 85 29 09 28 54 52 01 16 58
290 : 39 34 19 65 62 13 49 14 34 15
291 : 95 62 58 65 86 55 70 55 26 90
292 : 49 65 20 98 58 03 38 50 72 24
293 : 26 48 29 39 72 85 84 78 31 63
294 : 05 77 77 56 06 88 87 64 46 24
295 : 82 46 85 79 26 03 95 35 27 73
296 : 48 03 04 80 29 00 58 76 07 58
297 : 25 10 47 47 09 16 43 96 13 62
298 : 67 60 44 92 56 27 42 04 20 83
299 : 20 85 66 11 90 62 54 54 33 72
300 : 13 15 35 95 84 50 68 77 24 60
301 : 29 01 61 87 66 79 52 40 61 63
302 : 42 52 25 77 19 54 29 16 29 91
303 : 93 06 45 53 77 99 14 03 73 40
304 : 43 28 75 26 28 88 96 39 95 87
305 : 94 75 72 91 74 64 26 35 74 55
306 : 25 40 79 09 14 51 35 71 11 36
307 : 94 10 91 19 39 32 51 91 07 60
308 : 20 82 52 02 61 87 98 53 18 87
309 : 70 58 42 97 25 91 67 78 13 14
310 : 96 99 00 90 19 21 16 97 17 37
311 : 27 84 76 84 72 68 60 84 90 03
312 : 37 70 24 24 29 16 51 30 05 00
313 : 51 68 32 33 64 35 03 89 51 70
314 : 29 89 39 22 33 45 17 22 01 38
315 : 12 80 69 65 01 17 84 40 87 45
316 : 19 60 12 12 28 59 93 71 62 31
317 : 30 17 11 44 48 46 40 90 38 90
318 : 64 49 54 44 00 61 98 69 07 54
319 : 85 16 02 63 27 50 52 98 34 91
320 : 87 40 78 66 80 88 18 33 85 10
321 : 22 83 34 50 85 04 86 08 25 03
322 : 93 02 13 32 19 71 55 18 43 06
323 : 35 45 50 07 66 82 82 94 93 04
324 : 13 77 65 52 79 39 75 17 54 61
325 : 39 53 98 46 83 39 36 38 30 47
326 : 46 11 99 66 53 85 81 53 84 20
327 : 56 85 33 86 21 86 72 52 33 40
328 : 28 30 87 11 23 28 27 89 21 25
329 : 07 71 26 29 46 32 29 56 39 89
330 : 89 89 35 82 11 67 45 62 70 10
331 : 21 83 56 46 22 01 34 96 71 51
332 : 88 19 09 73 03 81 19 80 04 97
333 : 34 07 23 96 10 36 85 40 66 43
334 : 19 39 50 97 90 19 06 99 63 95
335 : 52 45 30 05 45 05 80 68 55 01
336 : 95 67 30 22 92 19 13 93 39 18
337 : 56 80 34 49 03 98 20 59 55 10
338 : 02 26 35 35 36 19 20 41 99 47
339 : 45 53 85 93 81 02 34 39 55 44
340 : 95 97 78 37 79 02 37 42 16 17
341 : 27 11 17 23 64 34 35 43 94 78
342 : 22 18 18 52 86 24 08 51 40 06
343 : 66 04 43 32 58 88 56 98 67 05
344 : 43 15 47 06 96 57 47 45 85 50
345 : 33 23 23 34 21 07 30 15 45 94
346 : 05 16 55 37 90 68 66 27 33 37
347 : 99 58 51 15 62 57 84 32 29 88
348 : 27 37 23 19 89 87 57 14 15 95
349 : 78 11 19 63 58 33 00 59 40 87
350 : 30 68 12 16 02 87 64 96 28 67
351 : 44 60 47 74 64 91 59 95 05 49
352 : 73 74 25 62 69 01 04 90 37 78
353 : 19 86 83 59 38 14 65 74 12 68
354 : 04 92 56 48 79 85 56 14 53 72
355 : 34 78 67 33 03 90 46 88 38 34
356 : 36 34 65 53 79 49 86 41 92 70
357 : 56 38 72 93 17 48 72 33 20 83
358 : 76 01 12 30 29 91 13 67 93 86
359 : 27 08 94 38 79 93 62 01 62 95
360 : 15 41 33 71 42 48 92 83 07 22
361 : 01 26 90 14 75 46 68 47 65 35
362 : 76 16 47 73 79 46 75 20 04 90
363 : 75 71 55 52 78 19 65 36 21 32
364 : 39 26 40 61 60 13 63 58 15 59
365 : 07 42 20 20 20 31 87 27 76 05
366 : 27 72 19 00 55 61 48 42 55 51
367 : 87 92 53 03 43 51 39 84 42 53
368 : 22 34 15 76 23 36 10 64 25 06
369 : 39 04 97 50 08 65 62 71 09 53
370 : 59 19 46 58 97 51 41 31 03 48
371 : 22 76 93 06 24 74 35 36 32 56
372 : 91 60 78 15 47 81 81 15 28 43
373 : 66 79 57 06 11 08 61 53 31 50
374 : 44 52 12 74 73 92 45 44 94 54
375 : 23 68 28 86 06 13 40 84 14 86
376 : 37 76 70 09 61 20 71 51 24 91
377 : 40 43 02 72 53 86 07 64 82 36
378 : 34 14 33 46 23 51 89 75 76 64
379 : 52 16 41 37 67 96 90 31 49 50
380 : 19 10 85 75 98 44 23 91 98 62
381 : 91 64 21 93 99 49 07 23 62 34
382 : 64 68 44 11 73 94 03 26 59 18
383 : 40 44 37 80 51 33 38 94 52 57
384 : 42 39 95 08 29 65 91 22 85 08
385 : 55 58 21 57 25 03 10 71 25 70
386 : 12 66 83 02 40 29 29 52 52 20
387 : 11 87 26 76 75 62 20 41 54 20
388 : 51 61 84 16 34 84 75 65 16 99
389 : 98 11 61 41 01 00 29 96 07 83
390 : 86 90 92 91 60 30 28 84 00 26
391 : 91 04 14 07 92 88 62 15 07 84
392 : 24 51 67 09 08 70 00 69 92 82
393 : 12 06 60 41 83 71 80 65 35 56
394 : 72 52 53 25 67 53 28 61 29 10
395 : 42 48 77 61 82 58 29 76 51 57
396 : 95 98 47 03 56 22 26 29 34 86
397 : 00 34 15 87 22 98 05 34 98 96
398 : 50 22 62 91 74 87 88 20 27 34
399 : 20 92 22 24 53 39 85 62 64 76
400 : 69 14 90 55 62 84 25 03 91 27
401 : 57 71 02 84 02 79 98 06 63 65
402 : 82 54 88 92 64 88 02 54 56 61
403 : 01 72 96 70 26 64 07 65 59 04
404 : 29 09 94 56 81 50 65 26 53 05
405 : 37 18 29 41 27 03 36 93 13 78
406 : 51 78 60 90 40 70 86 67 11 49
407 : 65 58 34 34 34 76 93 38 57 81
408 : 71 13 86 45 58 73 67 81 23 01
409 : 45 87 68 71 26 60 34 89 13 90
410 : 95 62 00 99 39 36 10 31 02 91
411 : 61 61 52 88 13 84 37 90 99 04
412 : 23 17 47 33 63 94 80 45 75 93
413 : 14 93 14 05 29 76 34 75 74 81
414 : 19 35 67 09 11 01 37 75 17 21
415 : 00 80 31 55 90 24 85 30 90 66
416 : 92 03 76 71 92 20 33 22 90 94
417 : 33 46 76 85 14 22 14 47 73 79
418 : 39 37 51 70 34 43 66 19 91 04
419 : 03 37 51 11 73 54 71 91 85 50
420 : 46 44 90 26 36 55 12 81 62 28
421 : 82 44 62 57 59 16 33 30 39 10
422 : 72 25 38 37 42 18 21 40 88 35
423 : 08 65 73 91 77 15 09 68 28 87
424 : 47 82 65 69 95 99 57 44 90 66
425 : 17 58 34 41 37 52 23 97 09 68
426 : 34 08 00 53 55 98 49 17 54 17
427 : 38 18 83 99 94 46 97 48 67 62
428 : 65 51 65 82 76 58 48 35 88 45
429 : 31 42 77 56 87 90 02 90 95 17
430 : 02 83 52 97 16 34 45 62 12 96
431 : 40 43 52 31 17 60 06 65 10 12
432 : 41 20 06 59 75 58 51 27 61 78
433 : 58 38 29 20 41 97 48 44 23 60
434 : 80 07 19 30 45 76 18 93 23 49
435 : 22 92 79 65 01 98 75 18 72 12
436 : 72 67 50 79 81 25 54 70 95 89
437 : 04 55 63 57 92 12 21 03 33 46
438 : 69 74 99 23 56 30 25 49 47 80
439 : 24 90 11 41 95 21 23 82 81 53
440 : 09 11 40 79 07 38 60 25 15 22
441 : 74 29 95 81 80 72 47 16 25 91
442 : 66 85 45 13 33 12 39 48 04 94
443 : 70 79 11 91 53 26 73 43 02 82
444 : 44 18 60 41 42 63 63 95 48 00
445 : 04 48 00 26 70 49 62 48 20 17
446 : 92 89 64 76 69 75 83 18 32 71
447 : 31 42 51 70 29 69 23 48 89 62
448 : 76 68 44 03 23 26 09 27 52 49
449 : 60 35 79 96 46 92 56 50 49 36
450 : 81 83 60 90 03 23 80 92 93 45
451 : 95 88 97 06 95 36 53 49 40 60
452 : 34 02 16 65 44 37 55 89 00 45
453 : 63 28 82 25 05 45 25 56 40 56
454 : 44 82 46 51 51 87 54 71 19 62
455 : 18 44 39 65 82 53 37 54 38 85
456 : 69 09 41 13 03 15 09 52 61 79
457 : 37 80 02 97 41 20 76 65 14 79
458 : 39 42 59 02 98 96 95 94 69 95
459 : 56 57 61 21 86 56 19 67 33 78
460 : 62 36 25 61 25 21 63 20 86 28
461 : 69 22 21 03 27 48 89 21 86 54
462 : 36 48 02 29 67 80 70 57 65 61
463 : 51 44 63 20 46 92 79 06 82 12
464 : 07 38 83 77 81 42 33 56 28 23
465 : 60 89 63 20 80 68 22 24 68 01
466 : 22 48 26 11 77 18 58 96 38 14
467 : 09 18 39 03 67 36 72 22 08 88
468 : 32 15 13 75 56 00 37 27 98 39
469 : 40 04 15 29 70 02 87 83 07 66
470 : 70 94 44 74 56 01 34 55 64 17
471 : 25 43 70 90 69 79 39 61 22 57
472 : 14 29 89 46 71 54 35 78 46 87
473 : 88 61 44 45 81 23 14 59 35 71
474 : 98 49 22 52 84 71 60 50 49 22
475 : 12 42 47 01 41 21 47 80 57 34
476 : 55 10 50 08 01 90 86 99 60 33
477 : 02 76 34 78 70 81 08 17 54 50
478 : 11 93 07 14 12 23 39 08 66 39
479 : 38 33 95 29 42 57 86 90 50 76
480 : 43 10 06 38 35 19 83 43 89 34
481 : 15 96 13 18 54 34 75 46 49 55
482 : 69 78 10 38 29 30 97 16 46 51
483 : 43 84 07 00 70 73 60 41 12 37
484 : 35 99 84 34 52 25 16 10 50 70
485 : 27 05 62 35 26 60 12 76 48 48
486 : 30 84 07 61 18 30 13 05 27 93
487 : 20 54 27 46 28 65 40 36 03 67
488 : 45 32 86 51 05 70 65 87 48 82
489 : 25 69 81 57 93 67 89 76 69 74
490 : 22 05 75 05 96 83 44 08 69 73
491 : 50 20 14 10 20 67 23 58 50 20
492 : 07 24 52 25 63 26 51 34 10 55
493 : 92 40 19 02 74 21 62 48 43 91
494 : 40 35 99 89 53 53 94 59 09 44
495 : 07 04 69 12 09 14 09 38 70 01
496 : 26 45 60 01 62 37 42 88 02 10
497 : 92 76 45 79 31 06 57 92 29 55
498 : 24 98 87 27 58 46 10 12 64 83
499 : 69 99 89 22 56 95 96 88 15 92
500 : 05 60 01 01 65 52 56 37 56 8